vt=0.000260686 V

subvt=0.482387 V/decade

