vt=-0.000863099 V

subvt=0.48771 V/decade

