vt=0.349231 V

subvt=0.170581 V/decade

vt=0.000176263 V

subvt=0.0754259 V/decade

