vt=0.349231 V

subvt=0.170581 V/decade

