vt=0.350258 V

subvt=0.170439 V/decade

